600149,37.88 ,38.84,35.31,涨幅：9.99716794109%
600252, 4.47 , 4.94, 4.49,涨幅：10.0222717149%
600288,14.34 ,14.34,13.04,涨幅：9.96932515337%
600321, 9.53 , 9.53, 8.66,涨幅：10.0461893764%
600751, 9.89 ,10.23, 9.30,涨幅：10.0%
600796,12.20 ,13.05,11.86,涨幅：10.0337268128%
600821,12.85 ,14.22,12.94,涨幅：9.89180834621%
600857,17.81 ,18.49,16.81,涨幅：9.99405116002%
601789, 7.68 , 8.46, 7.69,涨幅：10.0130039012%
603160,96.51 ,96.51,87.74,涨幅：9.99544107591%
603258,39.83 ,39.83,36.21,涨幅：9.99723833195%
603313,54.90 ,55.57,50.52,涨幅：9.99604117181%
603339,41.39 ,45.80,41.64,涨幅：9.99039385207%
603611,38.66 ,39.25,35.68,涨幅：10.0056053812%
603667,24.70 ,24.70,22.45,涨幅：10.0222717149%
603716,51.58 ,51.58,46.89,涨幅：10.0021326509%
603859,25.64 ,25.64,23.31,涨幅：9.99570999571%
603888,58.39 ,58.39,53.08,涨幅：10.0037678975%
