000038,57.00 ,59.66,54.24,涨幅：9.99262536873%
000416, 9.75 , 9.75, 8.86,涨幅：10.0451467269%
000612, 8.27 , 9.14, 8.31,涨幅：9.98796630566%
000678,11.58 ,12.90,11.73,涨幅：9.97442455243%
000852,11.18 ,12.35,11.23,涨幅：9.9732858415%
000935,37.00 ,38.76,35.24,涨幅：9.9886492622%
002122,12.55 ,13.62,12.38,涨幅：10.0161550889%
002486, 8.06 , 8.06, 7.33,涨幅：9.95907230559%
002558,60.16 ,60.16,54.69,涨幅：10.0018284878%
002695,32.49 ,32.49,29.54,涨幅：9.98645903859%
002716,24.42 ,26.07,23.70,涨幅：10.0%
002732,40.19 ,40.19,36.54,涨幅：9.9890530925%
002765,29.51 ,31.68,28.80,涨幅：10.0%
002806,67.25 ,74.00,67.27,涨幅：10.0044596403%
002813,41.43 ,41.43,37.66,涨幅：10.0106213489%
002816,21.14 ,21.14,19.22,涨幅：9.98959417274%
002817,35.42 ,35.42,32.20,涨幅：10.0%
